15041001	1150
15041002	1150
20041003	1150
20041004	1150
20041005	1150
20041006	1150
20041007	1135
20041008	1135
20041009	1135
20041010	1120
20041011	1120
20041012	1120
20041013	1120
20041014	1120
20041015	1120
21041016	1105
21041017	1105
21041018	1105
21041019	1105
21041020	1090
21041021	1090
21041022	1090
21041023	1090
21041024	1075
21041025	1075
22041026	1075
22041027	1075
22041028	1060
22041029	1060
22041030	1060
22041031	1060
22041032	1045
22041033	1045
22041034	1045
22041035	1045
22041036	1045
22041037	1030
23041038	1030
23041039	1030
23041040	1030
23041041	1015
23041042	1015
23041043	1015
23041044	1015
23041045	1000
23041046	1000
23041047	1000
23041048	1000
23041049	985
23041050	985
23041051	985
23041052	985
23041053	985
23041054	970
24041055	970
24041056	970
24041057	970
24041058	955
24041059	955
24041060	955
24041061	955
24041062	940
24041063	940
24041064	940
24041065	940
24041066	940
24041067	925
25041068	925
25041069	925
25041070	925
25041071	910
25041072	910
25041073	910
25041074	910
25041075	895
25041076	895
25041077	895
25041078	895
25041079	895
26041081	880
26041082	880
26041083	880
26041084	880
26041085	865
26041086	865
26041087	865
26041088	865
26041089	865
27041090	850
27041091	850
27041092	850
27041093	850
27041094	835
27041095	835
27041096	835
27041097	835
27041098	820
27041099	820
280410100	820
280410101	820
280410102	820
280410103	1210
280410104	1210
280410105	1210
280410106	1210
280410107	1195
280410108	1195
280410109	1195
280410110	1195
290410111	1195
290410112	1195
290410113	1180
290410114	1180
290410115	1180
290410116	1180
290410117	1165
290410118	1165
290410119	1165
290410120	1165
290410121	1240
290410122	1240
300410123	1240
300410124	1240
300410125	1225
300410126	1225
300410127	1225
300410128	1225
300410129	1225
300410130	1225
300410131	1225